1
1
1
1
1
1
1
1
1
1
2
2
2
2
2
2
2
2
2
2
2
2
2
3
3
3
3
3
5
6
21
21
22
24
26
32
32
32
36
39
43
69
71
74
76
80
82
129
129
130
132
134
135
137
138
140
141
144
145
146
163
164
166
168
171
172
175
176
179
182
186
194
199
225
225
226
226
227
228
228
228
228
229
229
229
229
229
230
230
230
231
231
231
247
263
263
289
289
289
289
289
289
289
290
290
290
290
290
290
291
291
291
291
291
291
291
292
314
314
314
314
314
314
314
314
314
314
314
314
314
314
314
314
314
314
314
314
314
314
314
314
314
314
314
315
315
315
315
315
315
