1
1
1
1
1
1
2
2
2
2
2
2
2
2
2
2
5
5
5
5
5
13
13
13
17
21
21
21
21
23
23
24
27
27
27
31
31
32
32
32
32
32
32
32
32
33
33
33
33
33
35
37
38
45
49
54
58
60
64
64
67
120
125
128
128
168
185
189
193
198
202
206
206
209
212
214
216
218
220
228
230
231
233
233
234
236
237
237
239
241
241
241
243
244
244
246
247
248
249
250
251
251
252
253
255
256
256
256
256
256
258
258
258
260
260
261
262
265
265
265
267
267
268
269
269
270
270
271
272
272
272
272
274
275
275
275
276
277
278
278
278
281
281
281
281
282
283
283
283
284
