12
12
12
12
12
12
12
17
18
19
19
21
23
24
29
35
36
38
40
43
45
47
51
54
56
58
63
65
68
70
73
79
79
80
81
82
90
90
95
96
96
99
113
134
134
198
198
199
202
207
209
213
217
221
226
226
226
226
226
228
230
232
232
233
236
236
237
238
239
240
241
242
243
244
245
246
248
248
249
250
250
251
252
253
253
254
255
257
257
257
257
259
261
261
263
263
263
264
265
266
266
267
268
269
270
270
271
271
273
273
274
274
275
276
277
277
278
279
280
280
281
282
282
284
284
285
286
286
287
288
289
290
290
291
292
293
294
294
296
296
297
297
298
301
302
302
303
304
304
305
